0 0 1
0.1 0.1 1
0.2 0.199 0.99
0.3 0.29601 0.9701
0.4 0.39006 0.940499
0.5 0.480209 0.901493
0.6 0.565556 0.853472
0.7 0.645248 0.796916
0.8 0.718487 0.732392
0.9 0.784542 0.660543
1 0.84275 0.582089
1.1 0.892532 0.497814
1.2 0.933388 0.408561
1.3 0.96491 0.315222
1.4 0.986783 0.218731
1.5 0.998788 0.120052
1.6 1.00081 0.0201736
1.7 0.992815 -0.0799069
1.8 0.974896 -0.179188
1.9 0.947228 -0.276678
2 0.910088 -0.371401
2.1 0.863847 -0.46241
2.2 0.808968 -0.548794
2.3 0.745999 -0.629691
2.4 0.67557 -0.704291
2.5 0.598385 -0.771848
2.6 0.515216 -0.831687
2.7 0.426895 -0.883208
2.8 0.334306 -0.925898
2.9 0.238373 -0.959328
3 0.140056 -0.983166
3.1 0.0403391 -0.997171
3.2 -0.0597814 -1.00121
3.3 -0.159304 -0.995227
3.4 -0.257234 -0.979296
3.5 -0.352591 -0.953573
3.6 -0.444422 -0.918314
3.7 -0.53181 -0.873872
3.8 -0.613879 -0.820691
3.9 -0.689809 -0.759303
4 -0.758841 -0.690322
4.1 -0.820285 -0.614438
4.2 -0.873526 -0.532409
4.3 -0.918032 -0.445057
4.4 -0.953357 -0.353254
4.5 -0.979149 -0.257918
4.6 -0.995149 -0.160003
4.7 -1.0012 -0.0604881
4.8 -0.997235 0.0396316
4.9 -0.983299 0.139355
5 -0.959531 0.237685
5.1 -0.926167 0.333638
5.2 -0.883541 0.426255
5.3 -0.832081 0.514609
5.4 -0.772299 0.597817
5.5 -0.704794 0.675047
5.6 -0.630242 0.745526
5.7 -0.549386 0.80855
5.8 -0.463038 0.863489
5.9 -0.372058 0.909793
6 -0.277358 0.946999
6.1 -0.179885 0.974735
6.2 -0.0806127 0.992723
6.3 0.0194658 1.00078
6.4 0.11935 0.998838
6.5 0.21804 0.986903
6.6 0.31455 0.965099
6.7 0.407914 0.933644
6.8 0.497199 0.892852
6.9 0.581513 0.843132
7 0.660011 0.784981
7.1 0.731909 0.71898
7.2 0.796488 0.645789
7.3 0.853102 0.566141
7.4 0.901185 0.48083
7.5 0.940256 0.390712
7.6 0.969925 0.296686
7.7 0.989894 0.199694
7.8 0.999964 0.100704
7.9 1.00004 0.000708001
8 0.990106 -0.0992955
8.1 0.970275 -0.198306
8.2 0.940742 -0.295334
8.3 0.901801 -0.389408
8.4 0.853842 -0.479588
8.5 0.797345 -0.564972
8.6 0.732874 -0.644707
8.7 0.661075 -0.717994
8.8 0.582665 -0.784101
8.9 0.498428 -0.842368
9 0.409207 -0.892211
9.1 0.315894 -0.933131
9.2 0.219422 -0.964721
9.3 0.120755 -0.986663
9.4 0.0208815 -0.998738
9.5 -0.0792012 -1.00083
9.6 -0.178492 -0.992906
9.7 -0.275998 -0.975057
9.8 -0.370743 -0.947458
9.9 -0.461782 -0.910383
10 -0.548202 -0.864205
10.1 -0.629141 -0.809385
10.2 -0.703788 -0.746471
10.3 -0.771397 -0.676092
10.4 -0.831292 -0.598952
10.5 -0.882874 -0.515823
10.6 -0.925628 -0.427536
10.7 -0.959125 -0.334973
10.8 -0.983031 -0.23906
10.9 -0.997107 -0.140757
11 -1.00121 -0.0410465
11.1 -0.995304 0.0590747
11.2 -0.979444 0.158605
11.3 -0.953789 0.256549
11.4 -0.918596 0.351928
11.5 -0.874217 0.443788
11.6 -0.821096 0.53121
11.7 -0.759764 0.613319
11.8 -0.690835 0.689296
11.9 -0.614997 0.758379
12 -0.533009 0.819879
12.1 -0.445691 0.87318
12.2 -0.353916 0.917749
12.3 -0.258602 0.95314
12.4 -0.160702 0.979001
12.5 -0.0611948 0.995071
12.6 0.0389242 1.00119
12.7 0.138654 0.997298
12.8 0.236997 0.983432
12.9 0.33297 0.959733
13 0.425614 0.926436
13.1 0.514001 0.883874
13.2 0.597249 0.832474
13.3 0.674524 0.772749
13.4 0.745054 0.705297
13.5 0.808133 0.630792
13.6 0.86313 0.549978
13.7 0.909497 0.463665
13.8 0.946769 0.372715
13.9 0.974572 0.278039
14 0.992631 0.180581
14.1 1.00076 0.0813183
14.2 0.998887 -0.0187579
14.3 0.987022 -0.118647
14.4 0.965287 -0.217349
14.5 0.933899 -0.313877
14.6 0.893173 -0.407267
14.7 0.843514 -0.496585
14.8 0.785421 -0.580936
14.9 0.719473 -0.659478
15 0.64633 -0.731425
15.1 0.566724 -0.796058
15.2 0.481451 -0.852731
15.3 0.391364 -0.900876
15.4 0.297362 -0.940012
15.5 0.200388 -0.969749
15.6 0.101409 -0.989787
15.7 0.001416 -0.999928
15.8 -0.098591 -1.00007
15.9 -0.197612 -0.990211
16 -0.294657 -0.970449
16.1 -0.388755 -0.940984
16.2 -0.478966 -0.902108
16.3 -0.564387 -0.854212
16.4 -0.644165 -0.797773
16.5 -0.7175 -0.733356
16.6 -0.783661 -0.661606
16.7 -0.841985 -0.58324
16.8 -0.891889 -0.499042
16.9 -0.932874 -0.409853
17 -0.964531 -0.316565
17.1 -0.986542 -0.220112
17.2 -0.998688 -0.121458
17.3 -1.00085 -0.0215893
17.4 -0.992997 0.0784954
17.5 -0.975218 0.177795
17.6 -0.947686 0.275317
17.7 -0.910678 0.370086
17.8 -0.864562 0.461153
17.9 -0.809801 0.54761
18 -0.746942 0.62859
18.1 -0.676614 0.703284
18.2 -0.59952 0.770945
18.3 -0.51643 0.830897
18.4 -0.428176 0.88254
18.5 -0.33564 0.925358
18.6 -0.239748 0.958922
18.7 -0.141458 0.982897
18.8 -0.0417539 0.997042
18.9 0.0583679 1.00122
19 0.157906 0.995381
19.1 0.255865 0.97959
19.2 0.351265 0.954004
19.3 0.443153 0.918877
19.4 0.530609 0.874562
19.5 0.612759 0.821501
19.6 0.688782 0.760225
19.7 0.757917 0.691347
19.8 0.819472 0.615555
19.9 0.872833 0.533608
20 0.917466 0.446325
20.1 0.952923 0.354578
20.2 0.978852 0.259286
20.3 0.994992 0.161401
20.4 1.00118 0.0619015
20.5 0.99736 -0.0382167
20.6 0.983565 -0.137953
20.7 0.959934 -0.236309
20.8 0.926704 -0.332303
20.9 0.884207 -0.424973
21 0.832867 -0.513394
21.1 0.773199 -0.596681
21.2 0.705799 -0.674
21.3 0.631341 -0.74458
21.4 0.55057 -0.807714
21.5 0.464293 -0.862771
21.6 0.373373 -0.909201
21.7 0.278719 -0.946538
21.8 0.181278 -0.97441
21.9 0.082024 -0.992538
22 -0.01805 -1.00074
22.1 -0.117944 -0.998935
22.2 -0.216658 -0.987141
22.3 -0.313205 -0.965475
22.4 -0.406621 -0.934154
22.5 -0.49597 -0.893492
22.6 -0.580359 -0.843895
22.7 -0.658945 -0.785859
22.8 -0.730942 -0.719965
22.9 -0.795629 -0.646871
23 -0.85236 -0.567308
23.1 -0.900567 -0.482072
23.2 -0.939768 -0.392015
23.3 -0.969572 -0.298038
23.4 -0.98968 -0.201081
23.5 -0.999892 -0.102113
23.6 -1.0001 -0.002124
23.7 -0.990315 0.0978864
23.8 -0.970624 0.196918
23.9 -0.941225 0.29398
24 -0.902415 0.388103
24.1 -0.854581 0.478344
24.2 -0.798201 0.563802
24.3 -0.733838 0.643622
24.4 -0.662138 0.717006
24.5 -0.583816 0.78322
24.6 -0.499655 0.841602
24.7 -0.410499 0.891567
24.8 -0.317237 0.932617
24.9 -0.220803 0.964341
25 -0.122161 0.986421
25.1 -0.0222972 0.998637
25.2 0.0777895 1.00087
25.3 0.177098 0.993088
25.4 0.274636 0.975378
25.5 0.369428 0.947914
25.6 0.460525 0.910972
25.7 0.547017 0.864919
25.8 0.628038 0.810218
25.9 0.70278 0.747414
26 0.770493 0.677136
26.1 0.830502 0.600086
26.2 0.882206 0.517036
26.3 0.925087 0.428816
26.4 0.958718 0.336307
26.5 0.982761 0.240435
26.6 0.996977 0.142159
26.7 1.00122 0.0424613
26.8 0.995457 -0.0576611
26.9 0.979737 -0.157207
27 0.954219 -0.25518
27.1 0.919158 -0.350602
27.2 0.874907 -0.442518
27.3 0.821906 -0.530009
27.4 0.760686 -0.612199
27.5 0.691859 -0.688268
27.6 0.616114 -0.757454
27.7 0.534207 -0.819065
27.8 0.446958 -0.872486
27.9 0.35524 -0.917182
28 0.25997 -0.952706
28.1 0.162099 -0.978703
28.2 0.0626081 -0.994913
28.3 -0.0375092 -1.00117
28.4 -0.137251 -0.997423
28.5 -0.235621 -0.983697
28.6 -0.331635 -0.960135
28.7 -0.424332 -0.926972
28.8 -0.512786 -0.884539
28.9 -0.596112 -0.83326
29 -0.673477 -0.773649
29.1 -0.744107 -0.706301
29.2 -0.807296 -0.631891
29.3 -0.862412 -0.551161
29.4 -0.908904 -0.46492
29.5 -0.946307 -0.374029
29.6 -0.974247 -0.279399
29.7 -0.992444 -0.181974
29.8 -1.00072 -0.0827296
29.9 -0.998983 0.0173421
30 -0.987259 0.11724
30.1 -0.965662 0.215966
30.2 -0.934409 0.312533
30.3 -0.893812 0.405973
30.4 -0.844276 0.495355
30.5 -0.786298 0.579782
30.6 -0.720457 0.658412
30.7 -0.647411 0.730458
30.8 -0.567891 0.795199
30.9 -0.482692 0.851988
31 -0.392667 0.900257
31.1 -0.298714 0.939524
31.2 -0.201775 0.969395
31.3 -0.102817 0.989573
31.4 -0.002832 0.999854
31.5 0.0971818 1.00014
31.6 0.196224 0.990419
31.7 0.293303 0.970797
31.8 0.38745 0.941467
31.9 0.477722 0.902722
32 0.563217 0.854949
32.1 0.64308 0.798628
32.2 0.716512 0.73432
32.3 0.782779 0.662669
32.4 0.841218 0.584391
32.5 0.891245 0.500269
32.6 0.932359 0.411144
32.7 0.96415 0.317909
32.8 0.986299 0.221493
32.9 0.998586 0.122864
33 1.00089 0.023005
33.1 0.993178 -0.0770836
33.2 0.975538 -0.176401
33.3 0.948142 -0.273955
33.4 0.911265 -0.368769
33.5 0.865276 -0.459896
33.6 0.810633 -0.546424
33.7 0.747885 -0.627487
33.8 0.677657 -0.702275
33.9 0.600653 -0.770041
34 0.517642 -0.830106
34.1 0.429455 -0.881871
34.2 0.336974 -0.924816
34.3 0.241122 -0.958513
34.4 0.14286 -0.982626
34.5 0.0431686 -0.996912
34.6 -0.0569542 -1.00123
34.7 -0.156508 -0.995533
34.8 -0.254496 -0.979882
34.9 -0.349939 -0.954433
35 -0.441883 -0.919439
35.1 -0.529408 -0.875251
35.2 -0.611639 -0.82231
35.3 -0.687754 -0.761146
35.4 -0.756991 -0.692371
35.5 -0.818658 -0.616671
35.6 -0.872138 -0.534806
35.7 -0.916898 -0.447592
35.8 -0.952488 -0.355902
35.9 -0.978553 -0.260653
36 -0.994833 -0.162798
36.1 -1.00116 -0.0633147
36.2 -0.997484 0.0368017
36.3 -0.983829 0.13655
36.4 -0.960336 0.234933
36.5 -0.927239 0.330967
36.6 -0.88487 0.423691
36.7 -0.833652 0.512178
36.8 -0.774098 0.595543
36.9 -0.706803 0.672953
37 -0.63244 0.743633
37.1 -0.551752 0.806877
37.2 -0.465547 0.862052
37.3 -0.374686 0.908607
37.4 -0.280078 0.946075
37.5 -0.18267 0.974083
37.6 -0.0834351 0.99235
37.7 0.0166342 1.00069
37.8 0.116537 0.99903
37.9 0.215275 0.987377
38 0.31186 0.965849
38.1 0.405326 0.934663
38.2 0.494739 0.89413
38.3 0.579205 0.844657
38.4 0.657878 0.786736
38.5 0.729973 0.720948
38.6 0.794768 0.647951
38.7 0.851616 0.568474
38.8 0.899947 0.483312
38.9 0.939279 0.393318
39 0.969218 0.29939
39.1 0.989465 0.202468
39.2 0.999817 0.103522
39.3 1.00017 0.00354
39.4 0.990523 -0.0964771
39.5 0.97097 -0.195529
39.6 0.941707 -0.292626
39.7 0.903028 -0.386797
39.8 0.855318 -0.4771
39.9 0.799055 -0.562632
40 0.734801 -0.642537
40.1 0.663199 -0.716017
40.2 0.584965 -0.782337
40.3 0.500882 -0.840834
40.4 0.41179 -0.890922
40.5 0.31858 -0.932101
40.6 0.222184 -0.963959
40.7 0.123566 -0.986177
40.8 0.0237128 -0.998534
40.9 -0.0763777 -1.00091
41 -0.175704 -0.993267
41.1 -0.273274 -0.975697
41.2 -0.368111 -0.94837
41.3 -0.459267 -0.911558
41.4 -0.54583 -0.865632
41.5 -0.626935 -0.811049
41.6 -0.701771 -0.748355
41.7 -0.769588 -0.678178
41.8 -0.82971 -0.601219
41.9 -0.881535 -0.518248
42 -0.924545 -0.430095
42.1 -0.958309 -0.33764
42.2 -0.98249 -0.241809
42.3 -0.996846 -0.143561
42.4 -1.00123 -0.043876
42.5 -0.995608 0.0562474
42.6 -0.980028 0.155808
42.7 -0.954647 0.253811
42.8 -0.919719 0.349276
42.9 -0.875594 0.441248
43 -0.822714 0.528807
43.1 -0.761606 0.611078
43.2 -0.692882 0.687239
43.3 -0.617229 0.756527
43.4 -0.535404 0.81825
43.5 -0.448225 0.87179
43.6 -0.356564 0.916613
43.7 -0.261337 0.952269
43.8 -0.163497 0.978403
43.9 -0.0640213 0.994753
44 0.0360942 1.00115
44.1 0.135849 0.997545
44.2 0.234245 0.98396
44.3 0.330298 0.960536
44.4 0.423049 0.927506
44.5 0.511569 0.885201
44.6 0.594974 0.834044
44.7 0.672428 0.774547
44.8 0.743159 0.707304
44.9 0.806457 0.632988
45 0.861692 0.552343
45.1 0.908309 0.466173
45.2 0.945843 0.375342
45.3 0.973919 0.280758
45.4 0.992256 0.183366
45.5 1.00067 0.0841407
45.6 0.999077 -0.0159263
45.7 0.987494 -0.115834
45.8 0.966035 -0.214583
45.9 0.934917 -0.311187
46 0.894449 -0.404679
46.1 0.845037 -0.494124
46.2 0.787174 -0.578627
46.3 0.721439 -0.657345
46.4 0.64849 -0.729488
46.5 0.569057 -0.794338
46.6 0.483932 -0.851243
46.7 0.393969 -0.899636
46.8 0.300065 -0.939033
46.9 0.203161 -0.96904
47 0.104226 -0.989356
47.1 0.00424799 -0.999779
47.2 -0.0957723 -1.0002
47.3 -0.194835 -0.990626
47.4 -0.291949 -0.971143
47.5 -0.386144 -0.941948
47.6 -0.476477 -0.903333
47.7 -0.562046 -0.855686
47.8 -0.641994 -0.799481
47.9 -0.715522 -0.735282
48 -0.781895 -0.663729
48.1 -0.840449 -0.58554
48.2 -0.890599 -0.501495
48.3 -0.931842 -0.412435
48.4 -0.963767 -0.319251
48.5 -0.986055 -0.222874
48.6 -0.998481 -0.124269
48.7 -1.00092 -0.0244206
48.8 -0.993356 0.0756718
48.9 -0.975856 0.175007
49 -0.948596 0.272593
49.1 -0.911851 0.367453
49.2 -0.865987 0.458638
49.3 -0.811464 0.545236
49.4 -0.748825 0.626383
49.5 -0.678699 0.701265
49.6 -0.601785 0.769135
49.7 -0.518854 0.829314
49.8 -0.430734 0.881199
49.9 -0.338307 0.924273
50 -0.242496 0.958103
50.1 -0.144261 0.982353
50.2 -0.0445833 0.996779
50.3 0.0555405 1.00124
50.4 0.155109 0.995683
50.5 0.253126 0.980172
50.6 0.348612 0.95486
50.7 0.440612 0.919999
50.8 0.528206 0.875937
50.9 0.610517 0.823117
51 0.686724 0.762065
51.1 0.756063 0.693393
51.2 0.817842 0.617786
51.3 0.871442 0.536002
51.4 0.916328 0.448858
51.5 0.95205 0.357225
51.6 0.978252 0.26202
51.7 0.994672 0.164195
51.8 1.00114 0.0647278
51.9 0.997606 -0.0353866
52 0.984091 -0.135147
52.1 0.960736 -0.233556
52.2 0.927773 -0.32963
52.3 0.885532 -0.422407
52.4 0.834436 -0.51096
52.5 0.774995 -0.594404
52.6 0.707805 -0.671903
52.7 0.633537 -0.742684
52.8 0.552933 -0.806038
52.9 0.4668 -0.861331
53 0.375999 -0.908011
53.1 0.281438 -0.945611
53.2 0.184062 -0.973755
53.3 0.0848461 -0.992161
53.4 -0.0152184 -1.00065
53.5 -0.115131 -0.999124
53.6 -0.213892 -0.98761
53.7 -0.310514 -0.966221
53.8 -0.404031 -0.93517
53.9 -0.493508 -0.894767
54 -0.578049 -0.845416
54.1 -0.65681 -0.787611
54.2 -0.729003 -0.72193
54.3 -0.793906 -0.64903
54.4 -0.85087 -0.569639
54.5 -0.899325 -0.484552
54.6 -0.938787 -0.39462
54.7 -0.968861 -0.300741
54.8 -0.989247 -0.203855
54.9 -0.99974 -0.10493
55 -1.00024 -0.00495599
55.1 -0.990729 0.0950676
55.2 -0.971315 0.19414
55.3 -0.942188 0.291272
55.4 -0.903638 0.385491
55.5 -0.856053 0.475855
55.6 -0.799907 0.56146
55.7 -0.735762 0.641451
55.8 -0.664259 0.715027
55.9 -0.586114 0.781453
56 -0.502108 0.840064
56.1 -0.41308 0.890275
56.2 -0.319922 0.931583
56.3 -0.223564 0.963575
56.4 -0.124971 0.985931
56.5 -0.0251284 0.998429
56.6 0.0749658 1.00094
56.7 0.17431 0.993445
56.8 0.271912 0.976014
56.9 0.366794 0.948823
57 0.458008 0.912143
57.1 0.544642 0.866342
57.2 0.62583 0.811878
57.3 0.70076 0.749295
57.4 0.768682 0.679219
57.5 0.828917 0.602351
57.6 0.880863 0.519459
57.7 0.924 0.431373
57.8 0.957897 0.338973
57.9 0.982216 0.243183
58 0.996712 0.144962
58.1 1.00124 0.0452905
58.2 0.995758 -0.0548335
58.3 0.980317 -0.154409
58.4 0.955073 -0.252441
58.5 0.920278 -0.347948
58.6 0.87628 -0.439976
58.7 0.82352 -0.527604
58.8 0.762524 -0.609956
58.9 0.693903 -0.686208
59 0.618343 -0.755599
59.1 0.5366 -0.817433
59.2 0.449491 -0.871093
59.3 0.357887 -0.916042
59.4 0.262704 -0.951831
59.5 0.164893 -0.978101
59.6 0.0654343 -0.994591
59.7 -0.0346791 -1.00113
59.8 -0.134446 -0.997666
59.9 -0.232868 -0.984221
60 -0.328961 -0.960935
60.1 -0.421765 -0.928039
60.2 -0.510351 -0.885862
60.3 -0.593834 -0.834827
60.4 -0.671378 -0.775444
60.5 -0.742209 -0.708306
60.6 -0.805617 -0.634085
60.7 -0.86097 -0.553523
60.8 -0.907712 -0.467426
60.9 -0.945378 -0.376655
61 -0.97359 -0.282117
61.1 -0.992065 -0.184758
61.2 -1.00062 -0.0855516
61.3 -0.999169 0.0145105
61.4 -0.987727 0.114427
61.5 -0.966407 0.2132
61.6 -0.935423 0.309841
61.7 -0.895084 0.403383
61.8 -0.845795 0.492891
61.9 -0.788048 0.577471
62 -0.72242 0.656276
62.1 -0.649569 0.728518
62.2 -0.570221 0.793475
62.3 -0.485172 0.850497
62.4 -0.39527 0.899014
62.5 -0.301416 0.938541
62.6 -0.204548 0.968683
62.7 -0.105634 0.989137
62.8 -0.00566398 0.999701
62.9 0.0943627 1.00027
63 0.193446 0.990831
63.1 0.290594 0.971486
63.2 0.384837 0.942427
63.3 0.475231 0.903943
63.4 0.560873 0.85642
63.5 0.640907 0.800333
63.6 0.714531 0.736242
63.7 0.78101 0.664789
63.8 0.839679 0.586688
63.9 0.889951 0.50272
64 0.931323 0.413725
64.1 0.963382 0.320593
64.2 0.985808 0.224254
64.3 0.998375 0.125674
64.4 1.00096 0.0258361
64.5 0.993533 -0.0742597
64.6 0.976172 -0.173613
64.7 0.949049 -0.27123
64.8 0.912435 -0.366135
64.9 0.866697 -0.457379
65 0.812292 -0.544048
65.1 0.749765 -0.625277
65.2 0.679739 -0.700254
65.3 0.602916 -0.768228
65.4 0.520064 -0.82852
65.5 0.432012 -0.880526
65.6 0.339639 -0.923727
65.7 0.24387 -0.957691
65.8 0.145662 -0.982078
65.9 0.0459978 -0.996644
66 -0.0541266 -1.00124
66.1 -0.15371 -0.995831
66.2 -0.251756 -0.98046
66.3 -0.347284 -0.955285
66.4 -0.43934 -0.920556
66.5 -0.527002 -0.876622
66.6 -0.609394 -0.823922
66.7 -0.685693 -0.762983
66.8 -0.755134 -0.694414
66.9 -0.817024 -0.6189
67 -0.870744 -0.537198
67.1 -0.915756 -0.450123
67.2 -0.951611 -0.358548
67.3 -0.97795 -0.263387
67.4 -0.994509 -0.165592
67.5 -1.00112 -0.0661408
67.6 -0.997726 0.0339715
67.7 -0.984351 0.133744
67.8 -0.961133 0.232179
67.9 -0.928304 0.328292
68 -0.886192 0.421123
68.1 -0.835218 0.509742
68.2 -0.775891 0.593264
68.3 -0.708806 0.670853
68.4 -0.634633 0.741734
68.5 -0.554113 0.805197
68.6 -0.468052 0.860608
68.7 -0.377311 0.907413
68.8 -0.282796 0.945144
68.9 -0.185454 0.973424
69 -0.086257 0.991969
69.1 0.0138026 1.0006
69.2 0.113724 0.999215
69.3 0.212508 0.987842
69.4 0.309167 0.966592
69.5 0.402735 0.935675
69.6 0.492275 0.895401
69.7 0.576892 0.846174
69.8 0.655741 0.788485
69.9 0.728032 0.722911
70 0.793043 0.650107
70.1 0.850123 0.570803
70.2 0.898702 0.485791
70.3 0.938294 0.395921
70.4 0.968503 0.302091
70.5 0.989027 0.205241
70.6 0.999661 0.106338
70.7 1.0003 0.00637197
70.8 0.990933 -0.0936579
70.9 0.971657 -0.192751
71 0.942666 -0.289917
71.1 0.904247 -0.384183
71.2 0.856787 -0.474608
71.3 0.800758 -0.560287
71.4 0.736722 -0.640363
71.5 0.665318 -0.714035
71.6 0.587262 -0.780567
71.7 0.503332 -0.839293
71.8 0.41437 -0.889626
71.9 0.321263 -0.931063
72 0.224944 -0.963189
72.1 0.126376 -0.985684
72.2 0.0265439 -0.998321
72.3 -0.0735537 -1.00098
72.4 -0.172916 -0.99362
72.5 -0.270549 -0.976329
72.6 -0.365476 -0.949274
72.7 -0.456749 -0.912726
72.8 -0.543454 -0.867051
72.9 -0.624724 -0.812706
73 -0.699748 -0.750234
73.1 -0.767774 -0.680259
73.2 -0.828122 -0.603482
73.3 -0.880189 -0.520669
73.4 -0.923454 -0.43265
73.5 -0.957484 -0.340305
73.6 -0.98194 -0.244557
73.7 -0.996576 -0.146363
73.8 -1.00125 -0.0467051
73.9 -0.995905 0.0534196
74 -0.980604 0.15301
74.1 -0.955497 0.25107
74.2 -0.920835 0.34662
74.3 -0.876964 0.438704
74.4 -0.824324 0.5264
74.5 -0.763441 0.608832
74.6 -0.694923 0.685177
74.7 -0.619457 0.754669
74.8 -0.537795 0.816615
74.9 -0.450756 0.870394
75 -0.359209 0.91547
75.1 -0.26407 0.951391
75.2 -0.16629 0.977797
75.3 -0.0668472 0.994426
75.4 0.0332639 1.00111
75.5 0.133042 0.997785
75.6 0.23149 0.984481
75.7 0.327624 0.961332
75.8 0.42048 0.928569
75.9 0.509133 0.886521
76 0.592693 0.835608
76.1 0.670327 0.776339
76.2 0.741258 0.709306
76.3 0.804776 0.63518
76.4 0.860246 0.554702
76.5 0.907114 0.468678
76.6 0.94491 0.377966
76.7 0.973258 0.283475
76.8 0.991873 0.18615
76.9 1.00057 0.0869623
77 0.99926 -0.0130946
77.1 0.987958 -0.113021
77.2 0.966776 -0.211816
77.3 0.935927 -0.308494
77.4 0.895718 -0.402087
77.5 0.846552 -0.491658
77.6 0.788921 -0.576314
77.7 0.7234 -0.655206
77.8 0.650646 -0.727546
77.9 0.571385 -0.79261
78 0.48641 -0.849749
78.1 0.396571 -0.89839
78.2 0.302766 -0.938047
78.3 0.205934 -0.968323
78.4 0.107042 -0.988917
78.5 0.00707995 -0.999621
78.6 -0.0929529 -1.00033
78.7 -0.192056 -0.991034
78.8 -0.289239 -0.971828
78.9 -0.38353 -0.942904
79 -0.473985 -0.904551
79.1 -0.5597 -0.857153
79.2 -0.639818 -0.801183
79.3 -0.713538 -0.737201
79.4 -0.780123 -0.665847
79.5 -0.838906 -0.587835
79.6 -0.889301 -0.503944
79.7 -0.930802 -0.415014
79.8 -0.962996 -0.321934
79.9 -0.985559 -0.225634
80 -0.998267 -0.127078
80.1 -1.00099 -0.0272516
80.2 -0.993707 0.0728476
80.3 -0.976486 0.172218
80.4 -0.949499 0.269867
80.5 -0.913017 0.364817
80.6 -0.867405 0.456118
80.7 -0.813119 0.542859
80.8 -0.750702 0.624171
80.9 -0.680778 0.699241
81 -0.604046 0.767319
81.1 -0.521274 0.827724
81.2 -0.433289 0.879851
81.3 -0.340971 0.92318
81.4 -0.245243 0.957277
81.5 -0.147063 0.981801
81.6 -0.0474123 0.996508
81.7 0.0527126 1.00125
81.8 0.15231 0.995978
81.9 0.250385 0.980747
82 0.345956 0.955708
82.1 0.438067 0.921112
82.2 0.525798 0.877306
82.3 0.60827 0.824726
82.4 0.68466 0.763899
82.5 0.754203 0.695433
82.6 0.816205 0.620013
82.7 0.870044 0.538392
82.8 0.915183 0.451388
82.9 0.95117 0.359869
83 0.977645 0.264753
83.1 0.994344 0.166988
83.2 1.0011 0.0675537
83.3 0.997843 -0.0325562
83.4 0.984609 -0.132341
83.5 0.961529 -0.230802
83.6 0.928834 -0.326954
83.7 0.88685 -0.419838
83.8 0.835998 -0.508523
83.9 0.776785 -0.592123
84 0.709805 -0.669801
84.1 0.635727 -0.740782
84.2 0.555292 -0.804354
84.3 0.469303 -0.859884
84.4 0.378622 -0.906814
84.5 0.284154 -0.944676
84.6 0.186845 -0.973092
84.7 0.0876676 -0.991776
84.8 -0.0123867 -1.00054
84.9 -0.112317 -0.999304
85 -0.211124 -0.988072
85.1 -0.30782 -0.96696
85.2 -0.401438 -0.936178
85.3 -0.491042 -0.896034
85.4 -0.575735 -0.84693
85.5 -0.65467 -0.789357
85.6 -0.727059 -0.72389
85.7 -0.792178 -0.651184
85.8 -0.849374 -0.571966
85.9 -0.898077 -0.487028
86 -0.937799 -0.397221
86.1 -0.968143 -0.303441
86.2 -0.988806 -0.206627
86.3 -0.99958 -0.107746
86.4 -1.00036 -0.00778793
86.5 -0.991134 0.092248
86.6 -0.971998 0.191361
86.7 -0.943142 0.288561
86.8 -0.904855 0.382875
86.9 -0.857518 0.473361
87 -0.801607 0.559113
87.1 -0.73768 0.639273
87.2 -0.666376 0.713041
87.3 -0.588408 0.779679
87.4 -0.504556 0.83852
87.5 -0.415658 0.888975
87.6 -0.322604 0.930541
87.7 -0.226324 0.962802
87.8 -0.127781 0.985434
87.9 -0.0279594 0.998212
88 0.0721414 1.00101
88.1 0.171521 0.993794
88.2 0.269185 0.976642
88.3 0.364157 0.949723
88.4 0.455488 0.913308
88.5 0.542264 0.867759
88.6 0.623617 0.813532
88.7 0.698734 0.751171
88.8 0.766864 0.681297
88.9 0.827325 0.604611
89 0.879513 0.521878
89.1 0.922906 0.433927
89.2 0.957069 0.341636
89.3 0.981662 0.24593
89.4 0.996439 0.147763
89.5 1.00125 0.0481195
89.6 0.99605 -0.0520056
89.7 0.980889 -0.151611
89.8 0.955919 -0.249699
89.9 0.92139 -0.345291
90 0.877647 -0.43743
90.1 0.825127 -0.525195
90.2 0.764356 -0.607708
90.3 0.695942 -0.684143
90.4 0.620568 -0.753738
90.5 0.538989 -0.815794
90.6 0.45202 -0.869693
90.7 0.36053 -0.914895
90.8 0.265435 -0.950948
90.9 0.167686 -0.977492
91 0.06826 -0.99426
91.1 -0.0318486 -1.00109
91.2 -0.131639 -0.997902
91.3 -0.230113 -0.984738
91.4 -0.326285 -0.961726
91.5 -0.419195 -0.929098
91.6 -0.507913 -0.887178
91.7 -0.591552 -0.836387
91.8 -0.669275 -0.777232
91.9 -0.740305 -0.710304
92 -0.803933 -0.636274
92.1 -0.859521 -0.555881
92.2 -0.906513 -0.469929
92.3 -0.944441 -0.379277
92.4 -0.972925 -0.284833
92.5 -0.991679 -0.187541
92.6 -1.00052 -0.0883729
92.7 -0.999348 0.0116787
92.8 -0.988187 0.111614
92.9 -0.967143 0.210432
93 -0.936429 0.307147
93.1 -0.89635 0.400789
93.2 -0.847307 0.490424
93.3 -0.789792 0.575155
93.4 -0.724378 0.654134
93.5 -0.651721 0.726572
93.6 -0.572547 0.791744
93.7 -0.487647 0.848999
93.8 -0.397871 0.897764
93.9 -0.304115 0.937551
94 -0.207319 0.967962
94.1 -0.10845 0.988694
94.2 -0.00849591 0.999539
94.3 0.091543 1.00039
94.4 0.190666 0.991234
94.5 0.287883 0.972168
94.6 0.382221 0.94338
94.7 0.472737 0.905157
94.8 0.558525 0.857884
94.9 0.638728 0.802031
95 0.712544 0.738158
95.1 0.779235 0.666904
95.2 0.838133 0.58898
95.3 0.888649 0.505167
95.4 0.93028 0.416302
95.5 0.962607 0.323274
95.6 0.985308 0.227014
95.7 0.998157 0.128483
95.8 1.00102 0.0286671
95.9 0.99388 -0.0714352
96 0.976798 -0.170823
96.1 0.949947 -0.268503
96.2 0.913597 -0.363498
96.3 0.868112 -0.454857
96.4 0.813945 -0.541669
96.5 0.751639 -0.623063
96.6 0.681816 -0.698227
96.7 0.605175 -0.766409
96.8 0.522482 -0.826926
96.9 0.434565 -0.879174
97 0.342302 -0.922631
97.1 0.246616 -0.956861
97.2 0.148464 -0.981523
97.3 0.0488266 -0.996369
97.4 -0.0512985 -1.00125
97.5 -0.150911 -0.996122
97.6 -0.249014 -0.981031
97.7 -0.344627 -0.956129
97.8 -0.436793 -0.921667
97.9 -0.524592 -0.877987
98 -0.607145 -0.825528
98.1 -0.683626 -0.764814
98.2 -0.753271 -0.696451
98.3 -0.815384 -0.621124
98.4 -0.869342 -0.539585
98.5 -0.914607 -0.452651
98.6 -0.950726 -0.36119
98.7 -0.977338 -0.266118
98.8 -0.994177 -0.168384
98.9 -1.00107 -0.0689664
99 -0.997959 0.031141
99.1 -0.984865 0.130937
99.2 -0.961923 0.229423
99.3 -0.929362 0.325616
99.4 -0.887506 0.418552
99.5 -0.836776 0.507303
99.6 -0.777678 0.59098
99.7 -0.710803 0.668748
99.8 -0.63682 0.739828
99.9 -0.556469 0.80351
100 -0.470554 0.859157
