0 0 1
0.1 0.1 1
0.2 0.199 1.99
0.3 0.29601 2.9601
0.4 0.39006 3.9006
0.5 0.480209 4.80209
0.6 0.565556 5.65556
0.7 0.645248 6.45248
0.8 0.718487 7.18487
0.9 0.784542 7.84542
1 0.84275 8.4275
1.1 0.892532 8.92532
1.2 0.933388 9.33388
1.3 0.96491 9.6491
1.4 0.986783 9.86783
1.5 0.998788 9.98788
1.6 1.00081 10.0081
1.7 0.992815 -0.0718501
1.8 0.974896 9.74896
1.9 0.947228 9.47228
2 0.910088 9.10088
2.1 0.863847 8.63847
2.2 0.808968 8.08968
2.3 0.745999 7.45999
2.4 0.67557 6.7557
2.5 0.598385 5.98385
2.6 0.515216 5.15216
2.7 0.426895 4.26895
2.8 0.334306 3.34306
2.9 0.238373 2.38373
3 0.140056 1.40056
3.1 0.0403391 0.403391
3.2 -0.0597814 -0.597814
3.3 -0.159304 -1.59304
3.4 -0.257234 -2.57234
3.5 -0.352591 -3.52591
3.6 -0.444422 -4.44422
3.7 -0.53181 -5.3181
3.8 -0.613879 -6.13879
3.9 -0.689809 -6.89809
4 -0.758841 -7.58841
4.1 -0.820285 -8.20285
4.2 -0.873526 -8.73526
4.3 -0.918032 -9.18032
4.4 -0.953357 -9.53357
4.5 -0.979149 -9.79149
4.6 -0.995149 -9.95149
4.7 -1.0012 -10.012
4.8 -0.997235 0.0276526
4.9 -0.983299 -9.83299
5 -0.959531 -9.59531
5.1 -0.926167 -9.26167
5.2 -0.883541 -8.83541
5.3 -0.832081 -8.32081
5.4 -0.772299 -7.72299
5.5 -0.704794 -7.04794
5.6 -0.630242 -6.30242
5.7 -0.549386 -5.49386
5.8 -0.463038 -4.63038
5.9 -0.372058 -3.72058
6 -0.277358 -2.77358
6.1 -0.179885 -1.79885
6.2 -0.0806127 -0.806127
6.3 0.0194658 0.194658
6.4 0.11935 1.1935
6.5 0.21804 2.1804
6.6 0.31455 3.1455
6.7 0.407914 4.07914
6.8 0.497199 4.97199
6.9 0.581513 5.81513
7 0.660011 6.60011
7.1 0.731909 7.31909
7.2 0.796488 7.96488
7.3 0.853102 8.53102
7.4 0.901185 9.01185
7.5 0.940256 9.40256
7.6 0.969925 9.69925
7.7 0.989894 9.89894
7.8 0.999964 9.99964
7.9 1.00004 10.0004
8 0.990106 -0.098944
8.1 0.970275 9.70275
8.2 0.940742 9.40742
8.3 0.901801 9.01801
8.4 0.853842 8.53842
8.5 0.797345 7.97345
8.6 0.732874 7.32874
8.7 0.661075 6.61075
8.8 0.582665 5.82665
8.9 0.498428 4.98428
9 0.409207 4.09207
9.1 0.315894 3.15894
9.2 0.219422 2.19422
9.3 0.120755 1.20755
9.4 0.0208815 0.208815
9.5 -0.0792012 -0.792012
9.6 -0.178492 -1.78492
9.7 -0.275998 -2.75998
9.8 -0.370743 -3.70743
9.9 -0.461782 -4.61782
10 -0.548202 -5.48202
10.1 -0.629141 -6.29141
10.2 -0.703788 -7.03788
10.3 -0.771397 -7.71397
10.4 -0.831292 -8.31292
10.5 -0.882874 -8.82874
10.6 -0.925628 -9.25628
10.7 -0.959125 -9.59125
10.8 -0.983031 -9.83031
10.9 -0.997107 -9.97107
11 -1.00121 -10.0121
11.1 -0.995304 0.046958
11.2 -0.979444 -9.79444
11.3 -0.953789 -9.53789
11.4 -0.918596 -9.18596
11.5 -0.874217 -8.74217
11.6 -0.821096 -8.21096
11.7 -0.759764 -7.59764
11.8 -0.690835 -6.90835
11.9 -0.614997 -6.14997
12 -0.533009 -5.33009
12.1 -0.445691 -4.45691
12.2 -0.353916 -3.53916
12.3 -0.258602 -2.58602
12.4 -0.160702 -1.60702
12.5 -0.0611948 -0.611948
12.6 0.0389242 0.389242
12.7 0.138654 1.38654
12.8 0.236997 2.36997
12.9 0.33297 3.3297
13 0.425614 4.25614
13.1 0.514001 5.14001
13.2 0.597249 5.97249
13.3 0.674524 6.74524
13.4 0.745054 7.45054
13.5 0.808133 8.08133
13.6 0.86313 8.6313
13.7 0.909497 9.09497
13.8 0.946769 9.46769
13.9 0.974572 9.74572
14 0.992631 9.92631
14.1 1.00076 10.0076
14.2 0.998887 -0.011134
14.3 0.987022 9.87022
14.4 0.965287 9.65287
14.5 0.933899 9.33899
14.6 0.893173 8.93173
14.7 0.843514 8.43514
14.8 0.785421 7.85421
14.9 0.719473 7.19473
15 0.64633 6.4633
15.1 0.566724 5.66724
15.2 0.481451 4.81451
15.3 0.391364 3.91364
15.4 0.297362 2.97362
15.5 0.200388 2.00388
15.6 0.101409 1.01409
15.7 0.001416 0.01416
15.8 -0.098591 -0.98591
15.9 -0.197612 -1.97612
16 -0.294657 -2.94657
16.1 -0.388755 -3.88755
16.2 -0.478966 -4.78966
16.3 -0.564387 -5.64387
16.4 -0.644165 -6.44165
16.5 -0.7175 -7.175
16.6 -0.783661 -7.83661
16.7 -0.841985 -8.41985
16.8 -0.891889 -8.91889
16.9 -0.932874 -9.32874
17 -0.964531 -9.64531
17.1 -0.986542 -9.86542
17.2 -0.998688 -9.98688
17.3 -1.00085 -10.0085
17.4 -0.992997 0.0700256
17.5 -0.975218 -9.75218
17.6 -0.947686 -9.47686
17.7 -0.910678 -9.10678
17.8 -0.864562 -8.64562
17.9 -0.809801 -8.09801
18 -0.746942 -7.46942
18.1 -0.676614 -6.76614
18.2 -0.59952 -5.9952
18.3 -0.51643 -5.1643
18.4 -0.428176 -4.28176
18.5 -0.33564 -3.3564
18.6 -0.239748 -2.39748
18.7 -0.141458 -1.41458
18.8 -0.0417539 -0.417539
18.9 0.0583679 0.583679
19 0.157906 1.57906
19.1 0.255865 2.55865
19.2 0.351265 3.51265
19.3 0.443153 4.43153
19.4 0.530609 5.30609
19.5 0.612759 6.12759
19.6 0.688782 6.88782
19.7 0.757917 7.57917
19.8 0.819472 8.19472
19.9 0.872833 8.72833
20 0.917466 9.17466
20.1 0.952923 9.52923
20.2 0.978852 9.78852
20.3 0.994992 9.94992
20.4 1.00118 10.0118
20.5 0.99736 -0.0263953
20.6 0.983565 9.83565
20.7 0.959934 9.59934
20.8 0.926704 9.26704
20.9 0.884207 8.84207
21 0.832867 8.32867
21.1 0.773199 7.73199
21.2 0.705799 7.05799
21.3 0.631341 6.31341
21.4 0.55057 5.5057
21.5 0.464293 4.64293
21.6 0.373373 3.73373
21.7 0.278719 2.78719
21.8 0.181278 1.81278
21.9 0.082024 0.82024
22 -0.01805 -0.1805
22.1 -0.117944 -1.17944
22.2 -0.216658 -2.16658
22.3 -0.313205 -3.13205
22.4 -0.406621 -4.06621
22.5 -0.49597 -4.9597
22.6 -0.580359 -5.80359
22.7 -0.658945 -6.58945
22.8 -0.730942 -7.30942
22.9 -0.795629 -7.95629
23 -0.85236 -8.5236
23.1 -0.900567 -9.00567
23.2 -0.939768 -9.39768
23.3 -0.969572 -9.69572
23.4 -0.98968 -9.8968
23.5 -0.999892 -9.99892
23.6 -1.0001 -10.001
23.7 -0.990315 0.0968469
23.8 -0.970624 -9.70624
23.9 -0.941225 -9.41225
24 -0.902415 -9.02415
24.1 -0.854581 -8.54581
24.2 -0.798201 -7.98201
24.3 -0.733838 -7.33838
24.4 -0.662138 -6.62138
24.5 -0.583816 -5.83816
24.6 -0.499655 -4.99655
24.7 -0.410499 -4.10499
24.8 -0.317237 -3.17237
24.9 -0.220803 -2.20803
25 -0.122161 -1.22161
25.1 -0.0222972 -0.222972
25.2 0.0777895 0.777895
25.3 0.177098 1.77098
25.4 0.274636 2.74636
25.5 0.369428 3.69428
25.6 0.460525 4.60525
25.7 0.547017 5.47017
25.8 0.628038 6.28038
25.9 0.70278 7.0278
26 0.770493 7.70493
26.1 0.830502 8.30502
26.2 0.882206 8.82206
26.3 0.925087 9.25087
26.4 0.958718 9.58718
26.5 0.982761 9.82761
26.6 0.996977 9.96977
26.7 1.00122 10.0122
26.8 0.995457 -0.0454267
26.9 0.979737 9.79737
27 0.954219 9.54219
27.1 0.919158 9.19158
27.2 0.874907 8.74907
27.3 0.821906 8.21906
27.4 0.760686 7.60686
27.5 0.691859 6.91859
27.6 0.616114 6.16114
27.7 0.534207 5.34207
27.8 0.446958 4.46958
27.9 0.35524 3.5524
28 0.25997 2.5997
28.1 0.162099 1.62099
28.2 0.0626081 0.626081
28.3 -0.0375092 -0.375092
28.4 -0.137251 -1.37251
28.5 -0.235621 -2.35621
28.6 -0.331635 -3.31635
28.7 -0.424332 -4.24332
28.8 -0.512786 -5.12786
28.9 -0.596112 -5.96112
29 -0.673477 -6.73477
29.1 -0.744107 -7.44107
29.2 -0.807296 -8.07296
29.3 -0.862412 -8.62412
29.4 -0.908904 -9.08904
29.5 -0.946307 -9.46307
29.6 -0.974247 -9.74247
29.7 -0.992444 -9.92444
29.8 -1.00072 -10.0072
29.9 -0.998983 0.0101712
30 -0.987259 -9.87259
30.1 -0.965662 -9.65662
30.2 -0.934409 -9.34409
30.3 -0.893812 -8.93812
30.4 -0.844276 -8.44276
30.5 -0.786298 -7.86298
30.6 -0.720457 -7.20457
30.7 -0.647411 -6.47411
30.8 -0.567891 -5.67891
30.9 -0.482692 -4.82692
31 -0.392667 -3.92667
31.1 -0.298714 -2.98714
31.2 -0.201775 -2.01775
31.3 -0.102817 -1.02817
31.4 -0.002832 -0.02832
31.5 0.0971818 0.971818
31.6 0.196224 1.96224
31.7 0.293303 2.93303
31.8 0.38745 3.8745
31.9 0.477722 4.77722
32 0.563217 5.63217
32.1 0.64308 6.4308
32.2 0.716512 7.16512
32.3 0.782779 7.82779
32.4 0.841218 8.41218
32.5 0.891245 8.91245
32.6 0.932359 9.32359
32.7 0.96415 9.6415
32.8 0.986299 9.86299
32.9 0.998586 9.98586
33 1.00089 10.0089
33.1 0.993178 -0.068221
33.2 0.975538 9.75538
33.3 0.948142 9.48142
33.4 0.911265 9.11265
33.5 0.865276 8.65276
33.6 0.810633 8.10633
33.7 0.747885 7.47885
33.8 0.677657 6.77657
33.9 0.600653 6.00653
34 0.517642 5.17642
34.1 0.429455 4.29455
34.2 0.336974 3.36974
34.3 0.241122 2.41122
34.4 0.14286 1.4286
34.5 0.0431686 0.431686
34.6 -0.0569542 -0.569542
34.7 -0.156508 -1.56508
34.8 -0.254496 -2.54496
34.9 -0.349939 -3.49939
35 -0.441883 -4.41883
35.1 -0.529408 -5.29408
35.2 -0.611639 -6.11639
35.3 -0.687754 -6.87754
35.4 -0.756991 -7.56991
35.5 -0.818658 -8.18658
35.6 -0.872138 -8.72138
35.7 -0.916898 -9.16898
35.8 -0.952488 -9.52488
35.9 -0.978553 -9.78553
36 -0.994833 -9.94833
36.1 -1.00116 -10.0116
36.2 -0.997484 0.025158
36.3 -0.983829 -9.83829
36.4 -0.960336 -9.60336
36.5 -0.927239 -9.27239
36.6 -0.88487 -8.8487
36.7 -0.833652 -8.33652
36.8 -0.774098 -7.74098
36.9 -0.706803 -7.06803
37 -0.63244 -6.3244
37.1 -0.551752 -5.51752
37.2 -0.465547 -4.65547
37.3 -0.374686 -3.74686
37.4 -0.280078 -2.80078
37.5 -0.18267 -1.8267
37.6 -0.0834351 -0.834351
37.7 0.0166342 0.166342
37.8 0.116537 1.16537
37.9 0.215275 2.15275
38 0.31186 3.1186
38.1 0.405326 4.05326
38.2 0.494739 4.94739
38.3 0.579205 5.79205
38.4 0.657878 6.57878
38.5 0.729973 7.29973
38.6 0.794768 7.94768
38.7 0.851616 8.51616
38.8 0.899947 8.99947
38.9 0.939279 9.39279
39 0.969218 9.69218
39.1 0.989465 9.89465
39.2 0.999817 9.99817
39.3 1.00017 10.0017
39.4 0.990523 -0.0947696
39.5 0.97097 9.7097
39.6 0.941707 9.41707
39.7 0.903028 9.03028
39.8 0.855318 8.55318
39.9 0.799055 7.99055
40 0.734801 7.34801
40.1 0.663199 6.63199
40.2 0.584965 5.84965
40.3 0.500882 5.00882
40.4 0.41179 4.1179
40.5 0.31858 3.1858
40.6 0.222184 2.22184
40.7 0.123566 1.23566
40.8 0.0237128 0.237128
40.9 -0.0763777 -0.763777
41 -0.175704 -1.75704
41.1 -0.273274 -2.73274
41.2 -0.368111 -3.68111
41.3 -0.459267 -4.59267
41.4 -0.54583 -5.4583
41.5 -0.626935 -6.26935
41.6 -0.701771 -7.01771
41.7 -0.769588 -7.69588
41.8 -0.82971 -8.2971
41.9 -0.881535 -8.81535
42 -0.924545 -9.24545
42.1 -0.958309 -9.58309
42.2 -0.98249 -9.8249
42.3 -0.996846 -9.96846
42.4 -1.00123 -10.0123
42.5 -0.995608 0.0439154
42.6 -0.980028 -9.80028
42.7 -0.954647 -9.54647
42.8 -0.919719 -9.19719
42.9 -0.875594 -8.75594
43 -0.822714 -8.22714
43.1 -0.761606 -7.61606
43.2 -0.692882 -6.92882
43.3 -0.617229 -6.17229
43.4 -0.535404 -5.35404
43.5 -0.448225 -4.48225
43.6 -0.356564 -3.56564
43.7 -0.261337 -2.61337
43.8 -0.163497 -1.63497
43.9 -0.0640213 -0.640213
44 0.0360942 0.360942
44.1 0.135849 1.35849
44.2 0.234245 2.34245
44.3 0.330298 3.30298
44.4 0.423049 4.23049
44.5 0.511569 5.11569
44.6 0.594974 5.94974
44.7 0.672428 6.72428
44.8 0.743159 7.43159
44.9 0.806457 8.06457
45 0.861692 8.61692
45.1 0.908309 9.08309
45.2 0.945843 9.45843
45.3 0.973919 9.73919
45.4 0.992256 9.92256
45.5 1.00067 10.0067
45.6 0.999077 -0.00922831
45.7 0.987494 9.87494
45.8 0.966035 9.66035
45.9 0.934917 9.34917
46 0.894449 8.94449
46.1 0.845037 8.45037
46.2 0.787174 7.87174
46.3 0.721439 7.21439
46.4 0.64849 6.4849
46.5 0.569057 5.69057
46.6 0.483932 4.83932
46.7 0.393969 3.93969
46.8 0.300065 3.00065
46.9 0.203161 2.03161
47 0.104226 1.04226
47.1 0.00424799 0.0424799
47.2 -0.0957723 -0.957723
47.3 -0.194835 -1.94835
47.4 -0.291949 -2.91949
47.5 -0.386144 -3.86144
47.6 -0.476477 -4.76477
47.7 -0.562046 -5.62046
47.8 -0.641994 -6.41994
47.9 -0.715522 -7.15522
48 -0.781895 -7.81895
48.1 -0.840449 -8.40449
48.2 -0.890599 -8.90599
48.3 -0.931842 -9.31842
48.4 -0.963767 -9.63767
48.5 -0.986055 -9.86055
48.6 -0.998481 -9.98481
48.7 -1.00092 -10.0092
48.8 -0.993356 0.0664363
48.9 -0.975856 -9.75856
49 -0.948596 -9.48596
49.1 -0.911851 -9.11851
49.2 -0.865987 -8.65987
49.3 -0.811464 -8.11464
49.4 -0.748825 -7.48825
49.5 -0.678699 -6.78699
49.6 -0.601785 -6.01785
49.7 -0.518854 -5.18854
49.8 -0.430734 -4.30734
49.9 -0.338307 -3.38307
50 -0.242496 -2.42496
50.1 -0.144261 -1.44261
50.2 -0.0445833 -0.445833
50.3 0.0555405 0.555405
50.4 0.155109 1.55109
50.5 0.253126 2.53126
50.6 0.348612 3.48612
50.7 0.440612 4.40612
50.8 0.528206 5.28206
50.9 0.610517 6.10517
51 0.686724 6.86724
51.1 0.756063 7.56063
51.2 0.817842 8.17842
51.3 0.871442 8.71442
51.4 0.916328 9.16328
51.5 0.95205 9.5205
51.6 0.978252 9.78252
51.7 0.994672 9.94672
51.8 1.00114 10.0114
51.9 0.997606 -0.0239407
52 0.984091 9.84091
52.1 0.960736 9.60736
52.2 0.927773 9.27773
52.3 0.885532 8.85532
52.4 0.834436 8.34436
52.5 0.774995 7.74995
52.6 0.707805 7.07805
52.7 0.633537 6.33537
52.8 0.552933 5.52933
52.9 0.4668 4.668
53 0.375999 3.75999
53.1 0.281438 2.81438
53.2 0.184062 1.84062
53.3 0.0848461 0.848461
53.4 -0.0152184 -0.152184
53.5 -0.115131 -1.15131
53.6 -0.213892 -2.13892
53.7 -0.310514 -3.10514
53.8 -0.404031 -4.04031
53.9 -0.493508 -4.93508
54 -0.578049 -5.78049
54.1 -0.65681 -6.5681
54.2 -0.729003 -7.29003
54.3 -0.793906 -7.93906
54.4 -0.85087 -8.5087
54.5 -0.899325 -8.99325
54.6 -0.938787 -9.38787
54.7 -0.968861 -9.68861
54.8 -0.989247 -9.89247
54.9 -0.99974 -9.9974
55 -1.00024 -10.0024
55.1 -0.990729 0.0927121
55.2 -0.971315 -9.71315
55.3 -0.942188 -9.42188
55.4 -0.903638 -9.03638
55.5 -0.856053 -8.56053
55.6 -0.799907 -7.99907
55.7 -0.735762 -7.35762
55.8 -0.664259 -6.64259
55.9 -0.586114 -5.86114
56 -0.502108 -5.02108
56.1 -0.41308 -4.1308
56.2 -0.319922 -3.19922
56.3 -0.223564 -2.23564
56.4 -0.124971 -1.24971
56.5 -0.0251284 -0.251284
56.6 0.0749658 0.749658
56.7 0.17431 1.7431
56.8 0.271912 2.71912
56.9 0.366794 3.66794
57 0.458008 4.58008
57.1 0.544642 5.44642
57.2 0.62583 6.2583
57.3 0.70076 7.0076
57.4 0.768682 7.68682
57.5 0.828917 8.28917
57.6 0.880863 8.80863
57.7 0.924 9.24
57.8 0.957897 9.57897
57.9 0.982216 9.82216
58 0.996712 9.96712
58.1 1.00124 10.0124
58.2 0.995758 -0.042424
58.3 0.980317 9.80317
58.4 0.955073 9.55073
58.5 0.920278 9.20278
58.6 0.87628 8.7628
58.7 0.82352 8.2352
58.8 0.762524 7.62524
58.9 0.693903 6.93903
59 0.618343 6.18343
59.1 0.5366 5.366
59.2 0.449491 4.49491
59.3 0.357887 3.57887
59.4 0.262704 2.62704
59.5 0.164893 1.64893
59.6 0.0654343 0.654343
59.7 -0.0346791 -0.346791
59.8 -0.134446 -1.34446
59.9 -0.232868 -2.32868
60 -0.328961 -3.28961
60.1 -0.421765 -4.21765
60.2 -0.510351 -5.10351
60.3 -0.593834 -5.93834
60.4 -0.671378 -6.71378
60.5 -0.742209 -7.42209
60.6 -0.805617 -8.05617
60.7 -0.86097 -8.6097
60.8 -0.907712 -9.07712
60.9 -0.945378 -9.45378
61 -0.97359 -9.7359
61.1 -0.992065 -9.92065
61.2 -1.00062 -10.0062
61.3 -0.999169 0.00830544
61.4 -0.987727 -9.87727
61.5 -0.966407 -9.66407
61.6 -0.935423 -9.35423
61.7 -0.895084 -8.95084
61.8 -0.845795 -8.45795
61.9 -0.788048 -7.88048
62 -0.72242 -7.2242
62.1 -0.649569 -6.49569
62.2 -0.570221 -5.70221
62.3 -0.485172 -4.85172
62.4 -0.39527 -3.9527
62.5 -0.301416 -3.01416
62.6 -0.204548 -2.04548
62.7 -0.105634 -1.05634
62.8 -0.00566398 -0.0566398
62.9 0.0943627 0.943627
63 0.193446 1.93446
63.1 0.290594 2.90594
63.2 0.384837 3.84837
63.3 0.475231 4.75231
63.4 0.560873 5.60873
63.5 0.640907 6.40907
63.6 0.714531 7.14531
63.7 0.78101 7.8101
63.8 0.839679 8.39679
63.9 0.889951 8.89951
64 0.931323 9.31323
64.1 0.963382 9.63382
64.2 0.985808 9.85808
64.3 0.998375 9.98375
64.4 1.00096 10.0096
64.5 0.993533 -0.0646714
64.6 0.976172 9.76172
64.7 0.949049 9.49049
64.8 0.912435 9.12435
64.9 0.866697 8.66697
65 0.812292 8.12292
65.1 0.749765 7.49765
65.2 0.679739 6.79739
65.3 0.602916 6.02916
65.4 0.520064 5.20064
65.5 0.432012 4.32012
65.6 0.339639 3.39639
65.7 0.24387 2.4387
65.8 0.145662 1.45662
65.9 0.0459978 0.459978
66 -0.0541266 -0.541266
66.1 -0.15371 -1.5371
66.2 -0.251756 -2.51756
66.3 -0.347284 -3.47284
66.4 -0.43934 -4.3934
66.5 -0.527002 -5.27002
66.6 -0.609394 -6.09394
66.7 -0.685693 -6.85693
66.8 -0.755134 -7.55134
66.9 -0.817024 -8.17024
67 -0.870744 -8.70744
67.1 -0.915756 -9.15756
67.2 -0.951611 -9.51611
67.3 -0.97795 -9.7795
67.4 -0.994509 -9.94509
67.5 -1.00112 -10.0112
67.6 -0.997726 0.0227433
67.7 -0.984351 -9.84351
67.8 -0.961133 -9.61133
67.9 -0.928304 -9.28304
68 -0.886192 -8.86192
68.1 -0.835218 -8.35218
68.2 -0.775891 -7.75891
68.3 -0.708806 -7.08806
68.4 -0.634633 -6.34633
68.5 -0.554113 -5.54113
68.6 -0.468052 -4.68052
68.7 -0.377311 -3.77311
68.8 -0.282796 -2.82796
68.9 -0.185454 -1.85454
69 -0.086257 -0.86257
69.1 0.0138026 0.138026
69.2 0.113724 1.13724
69.3 0.212508 2.12508
69.4 0.309167 3.09167
69.5 0.402735 4.02735
69.6 0.492275 4.92275
69.7 0.576892 5.76892
69.8 0.655741 6.55741
69.9 0.728032 7.28032
70 0.793043 7.93043
70.1 0.850123 8.50123
70.2 0.898702 8.98702
70.3 0.938294 9.38294
70.4 0.968503 9.68503
70.5 0.989027 9.89027
70.6 0.999661 9.99661
70.7 1.0003 10.003
70.8 0.990933 -0.0906744
70.9 0.971657 9.71657
71 0.942666 9.42666
71.1 0.904247 9.04247
71.2 0.856787 8.56787
71.3 0.800758 8.00758
71.4 0.736722 7.36722
71.5 0.665318 6.65318
71.6 0.587262 5.87262
71.7 0.503332 5.03332
71.8 0.41437 4.1437
71.9 0.321263 3.21263
72 0.224944 2.24944
72.1 0.126376 1.26376
72.2 0.0265439 0.265439
72.3 -0.0735537 -0.735537
72.4 -0.172916 -1.72916
72.5 -0.270549 -2.70549
72.6 -0.365476 -3.65476
72.7 -0.456749 -4.56749
72.8 -0.543454 -5.43454
72.9 -0.624724 -6.24724
73 -0.699748 -6.99748
73.1 -0.767774 -7.67774
73.2 -0.828122 -8.28122
73.3 -0.880189 -8.80189
73.4 -0.923454 -9.23454
73.5 -0.957484 -9.57484
73.6 -0.98194 -9.8194
73.7 -0.996576 -9.96576
73.8 -1.00125 -10.0125
73.9 -0.995905 0.0409526
74 -0.980604 -9.80604
74.1 -0.955497 -9.55497
74.2 -0.920835 -9.20835
74.3 -0.876964 -8.76964
74.4 -0.824324 -8.24324
74.5 -0.763441 -7.63441
74.6 -0.694923 -6.94923
74.7 -0.619457 -6.19457
74.8 -0.537795 -5.37795
74.9 -0.450756 -4.50756
75 -0.359209 -3.59209
75.1 -0.26407 -2.6407
75.2 -0.16629 -1.6629
75.3 -0.0668472 -0.668472
75.4 0.0332639 0.332639
75.5 0.133042 1.33042
75.6 0.23149 2.3149
75.7 0.327624 3.27624
75.8 0.42048 4.2048
75.9 0.509133 5.09133
76 0.592693 5.92693
76.1 0.670327 6.70327
76.2 0.741258 7.41258
76.3 0.804776 8.04776
76.4 0.860246 8.60246
76.5 0.907114 9.07114
76.6 0.94491 9.4491
76.7 0.973258 9.73258
76.8 0.991873 9.91873
76.9 1.00057 10.0057
77 0.99926 -0.00740255
77.1 0.987958 9.87958
77.2 0.966776 9.66776
77.3 0.935927 9.35927
77.4 0.895718 8.95718
77.5 0.846552 8.46552
77.6 0.788921 7.88921
77.7 0.7234 7.234
77.8 0.650646 6.50646
77.9 0.571385 5.71385
78 0.48641 4.8641
78.1 0.396571 3.96571
78.2 0.302766 3.02766
78.3 0.205934 2.05934
78.4 0.107042 1.07042
78.5 0.00707995 0.0707995
78.6 -0.0929529 -0.929529
78.7 -0.192056 -1.92056
78.8 -0.289239 -2.89239
78.9 -0.38353 -3.8353
79 -0.473985 -4.73985
79.1 -0.5597 -5.597
79.2 -0.639818 -6.39818
79.3 -0.713538 -7.13538
79.4 -0.780123 -7.80123
79.5 -0.838906 -8.38906
79.6 -0.889301 -8.89301
79.7 -0.930802 -9.30802
79.8 -0.962996 -9.62996
79.9 -0.985559 -9.85559
80 -0.998267 -9.98267
80.1 -1.00099 -10.0099
80.2 -0.993707 0.0629264
80.3 -0.976486 -9.76486
80.4 -0.949499 -9.49499
80.5 -0.913017 -9.13017
80.6 -0.867405 -8.67405
80.7 -0.813119 -8.13119
80.8 -0.750702 -7.50702
80.9 -0.680778 -6.80778
81 -0.604046 -6.04046
81.1 -0.521274 -5.21274
81.2 -0.433289 -4.33289
81.3 -0.340971 -3.40971
81.4 -0.245243 -2.45243
81.5 -0.147063 -1.47063
81.6 -0.0474123 -0.474123
81.7 0.0527126 0.527126
81.8 0.15231 1.5231
81.9 0.250385 2.50385
82 0.345956 3.45956
82.1 0.438067 4.38067
82.2 0.525798 5.25798
82.3 0.60827 6.0827
82.4 0.68466 6.8466
82.5 0.754203 7.54203
82.6 0.816205 8.16205
82.7 0.870044 8.70044
82.8 0.915183 9.15183
82.9 0.95117 9.5117
83 0.977645 9.77645
83.1 0.994344 9.94344
83.2 1.0011 10.011
83.3 0.997843 -0.0215658
83.4 0.984609 9.84609
83.5 0.961529 9.61529
83.6 0.928834 9.28834
83.7 0.88685 8.8685
83.8 0.835998 8.35998
83.9 0.776785 7.76785
84 0.709805 7.09805
84.1 0.635727 6.35727
84.2 0.555292 5.55292
84.3 0.469303 4.69303
84.4 0.378622 3.78622
84.5 0.284154 2.84154
84.6 0.186845 1.86845
84.7 0.0876676 0.876676
84.8 -0.0123867 -0.123867
84.9 -0.112317 -1.12317
85 -0.211124 -2.11124
85.1 -0.30782 -3.0782
85.2 -0.401438 -4.01438
85.3 -0.491042 -4.91042
85.4 -0.575735 -5.75735
85.5 -0.65467 -6.5467
85.6 -0.727059 -7.27059
85.7 -0.792178 -7.92178
85.8 -0.849374 -8.49374
85.9 -0.898077 -8.98077
86 -0.937799 -9.37799
86.1 -0.968143 -9.68143
86.2 -0.988806 -9.88806
86.3 -0.99958 -9.9958
86.4 -1.00036 -10.0036
86.5 -0.991134 0.0886565
86.6 -0.971998 -9.71998
86.7 -0.943142 -9.43142
86.8 -0.904855 -9.04855
86.9 -0.857518 -8.57518
87 -0.801607 -8.01607
87.1 -0.73768 -7.3768
87.2 -0.666376 -6.66376
87.3 -0.588408 -5.88408
87.4 -0.504556 -5.04556
87.5 -0.415658 -4.15658
87.6 -0.322604 -3.22604
87.7 -0.226324 -2.26324
87.8 -0.127781 -1.27781
87.9 -0.0279594 -0.279594
88 0.0721414 0.721414
88.1 0.171521 1.71521
88.2 0.269185 2.69185
88.3 0.364157 3.64157
88.4 0.455488 4.55488
88.5 0.542264 5.42264
88.6 0.623617 6.23617
88.7 0.698734 6.98734
88.8 0.766864 7.66864
88.9 0.827325 8.27325
89 0.879513 8.79513
89.1 0.922906 9.22906
89.2 0.957069 9.57069
89.3 0.981662 9.81662
89.4 0.996439 9.96439
89.5 1.00125 10.0125
89.6 0.99605 -0.039501
89.7 0.980889 9.80889
89.8 0.955919 9.55919
89.9 0.92139 9.2139
90 0.877647 8.77647
90.1 0.825127 8.25127
90.2 0.764356 7.64356
90.3 0.695942 6.95942
90.4 0.620568 6.20568
90.5 0.538989 5.38989
90.6 0.45202 4.5202
90.7 0.36053 3.6053
90.8 0.265435 2.65435
90.9 0.167686 1.67686
91 0.06826 0.6826
91.1 -0.0318486 -0.318486
91.2 -0.131639 -1.31639
91.3 -0.230113 -2.30113
91.4 -0.326285 -3.26285
91.5 -0.419195 -4.19195
91.6 -0.507913 -5.07913
91.7 -0.591552 -5.91552
91.8 -0.669275 -6.69275
91.9 -0.740305 -7.40305
92 -0.803933 -8.03933
92.1 -0.859521 -8.59521
92.2 -0.906513 -9.06513
92.3 -0.944441 -9.44441
92.4 -0.972925 -9.72925
92.5 -0.991679 -9.91679
92.6 -1.00052 -10.0052
92.7 -0.999348 0.00651964
92.8 -0.988187 -9.88187
92.9 -0.967143 -9.67143
93 -0.936429 -9.36429
93.1 -0.89635 -8.9635
93.2 -0.847307 -8.47307
93.3 -0.789792 -7.89792
93.4 -0.724378 -7.24378
93.5 -0.651721 -6.51721
93.6 -0.572547 -5.72547
93.7 -0.487647 -4.87647
93.8 -0.397871 -3.97871
93.9 -0.304115 -3.04115
94 -0.207319 -2.07319
94.1 -0.10845 -1.0845
94.2 -0.00849591 -0.0849591
94.3 0.091543 0.91543
94.4 0.190666 1.90666
94.5 0.287883 2.87883
94.6 0.382221 3.82221
94.7 0.472737 4.72737
94.8 0.558525 5.58525
94.9 0.638728 6.38728
95 0.712544 7.12544
95.1 0.779235 7.79235
95.2 0.838133 8.38133
95.3 0.888649 8.88649
95.4 0.93028 9.3028
95.5 0.962607 9.62607
95.6 0.985308 9.85308
95.7 0.998157 9.98157
95.8 1.00102 10.0102
95.9 0.99388 -0.0612013
96 0.976798 9.76798
96.1 0.949947 9.49947
96.2 0.913597 9.13597
96.3 0.868112 8.68112
96.4 0.813945 8.13945
96.5 0.751639 7.51639
96.6 0.681816 6.81816
96.7 0.605175 6.05175
96.8 0.522482 5.22482
96.9 0.434565 4.34565
97 0.342302 3.42302
97.1 0.246616 2.46616
97.2 0.148464 1.48464
97.3 0.0488266 0.488266
97.4 -0.0512985 -0.512985
97.5 -0.150911 -1.50911
97.6 -0.249014 -2.49014
97.7 -0.344627 -3.44627
97.8 -0.436793 -4.36793
97.9 -0.524592 -5.24592
98 -0.607145 -6.07145
98.1 -0.683626 -6.83626
98.2 -0.753271 -7.53271
98.3 -0.815384 -8.15384
98.4 -0.869342 -8.69342
98.5 -0.914607 -9.14607
98.6 -0.950726 -9.50726
98.7 -0.977338 -9.77338
98.8 -0.994177 -9.94177
98.9 -1.00107 -10.0107
99 -0.997959 0.0204083
99.1 -0.984865 -9.84865
99.2 -0.961923 -9.61923
99.3 -0.929362 -9.29362
99.4 -0.887506 -8.87506
99.5 -0.836776 -8.36776
99.6 -0.777678 -7.77678
99.7 -0.710803 -7.10803
99.8 -0.63682 -6.3682
99.9 -0.556469 -5.56469
100 -0.470554 -4.70554
